0.699 
2.023 
2.282 
2.601 
3.079 
4.052 
5.054 
5.552 
6.562 
7.379 
8.076 
8.359 
9.51 
9.892 
10.237 
10.682 
11.104 
11.403 
12.264 
12.792 
14.706 
15.846 
16.316 
16.971 
17.255 
17.597 
18.055 
19.275 
19.392 
19.965 
22.605 
23.065 
23.178 
23.304 
23.58 
23.595 
24.411 
24.642 
24.755 
25.289 
27.765 
28.022 
28.282 
29.455 
30.769 
30.783 
30.828 
31.069 
31.249 
33.168 
33.831 
34.097 
34.135 
34.434 
35.447 
35.739 
35.803 
35.98 
36.068 
36.667 
39.266 
39.42 
40.744 
42.618 
43.378 
44.016 
44.405 
44.847 
45.709 
46.609 
46.851 
48.529 
48.755 
49.549 
50.564 
52.023 
52.162 
52.457 
52.619 
53.287 
54.222 
54.747 
54.983 
55.524 
55.991 
56.195 
56.199 
56.722 
58.969 
59.906 
60.965 
61.118 
61.257 
64.002 
64.689 
65.555 
66.098 
66.333 
66.846 
66.962 
67.784 
68.179 
68.934 
69.344 
69.962 
70.087 
70.203 
73.094 
73.312 
74.221 
75.471 
75.477 
75.773 
76.334 
76.768 
78.583 
79.088 
80.16 
81.299 
81.867 
82.04 
82.774 
88.338 
88.826 
90.551 
92.228 
92.976 
92.98 
93.313 
93.471 
93.801 
94.991 
95.657 
95.747 
98.464 
98.945 
99.109 
99.179 
99.684 

